24
23
25
16
25
25
25
23
17
17
20
24
21
21
26
10
24
23
16
23
22
18
16
16
24
14
25
23
13
16
24
24
25
18
11
16
18
24
18
14
9
14
23
24
23
24
16
21
24
23
24
24
23
23
24
21
16
26
25
17
23
24
24
24
24
24
24
24
24
26
23
24
17
24
16
16
16
25
18
17
16
24
24
24
25
25
16
17
23
12
11
17
11
16
7
10
3
16
7
16
11
12
7
11
0
11
7
11
16
11
21
11
11
19
11
6
1
16
23
21
6
21
25
17
23
25
24
23
15
16
17
23
10
17
17
11
6
10
25
25
21
6
16
16
9
5
11
12
8
11
21
11
21
26
23
13
25
25
11
11
25
24
21
23
4
21
21
21
17
23
21
12
11
1
24
16
24
17
8
17
1
17
16
7
2
17
17
17
9
17
11
16
23
21
16
11
23
18
17
21
1
25
12
21
9
21
4
21
12
15
22
12
21
17
11
17
12
8
16
1
21
25
12
4
10
1
11
18
21
8
16
24
1
13
23
11
24
21
11
4
21
18
21
11
11
23
11
21
25
17
22
26
13
21
21
10
26
19
9
26
20
17
21
15
15
11
0
2
5
3
25
21
11
22
5
21
21
26
21
0
23
23
24
26
23
21
21
23
16
14
21
16
3
11
25
26
17
17
23
15
25
11
2
21
25
11
24
25
16
23
17
5
17
25
25
17
21
25
11
21
23
21
12
16
16
8
11
11
5
22
5
14
17
23
11
16
9
1
16
25
26
23
18
13
21
25
25
23
4
25
25
15
18
17
4
11
17
8
16
16
11
17
16
25
15
17
17
16
18
6
23
18
23
4
24
11
8
11
16
24
11
21
14
17
7
25
18
25
18
21
19
18
19
2
11
2
25
23
16
23
25
24
21
23
16
3
26
25
6
23
14
14
20
25
24
26
8
25
13
6
12
2
6
17
11
3
11
21
26
23
7
0
22
11
5
10
0
16
21
23
23
23
24
25
21
24
23
3
21
25
10
12
20
26
20
4
24
26
24
17
19
20
23
24
16
24
17
17
17
22
25
25
16
19
26
24
23
23
13
25
3
23
19
16
16
17
18
9
11
17
20
26
18
26
18
0
11
24
17
25
17
12
24
22
0
15
24
17
26
26
19
16
25
9
11
18
18
26
11
18
17
17
3
17
5
17
11
7
12
2
21
16
16
23
0
25
24
13
25
20
2
16
24
