7
15
17
0
6
17
8
0
7
17
17
17
0
7
8
0
7
9
0
0
0
7
8
8
17
0
7
7
8
6
17
0
1
7
0
15
15
15
8
7
8
7
6
8
7
8
7
7
7
17
0
8
8
6
8
7
7
7
7
7
7
7
7
7
8
8
0
8
0
1
7
7
7
8
6
0
1
11
16
17
1
0
0
1
16
4
1
9
4
12
17
9
0
9
14
16
17
6
17
0
8
17
11
17
8
1
8
7
8
0
6
8
17
0
17
11
17
16
1
17
11
17
16
13
14
8
12
6
4
7
8
4
17
5
7
14
1
1
4
13
17
17
17
7
16
7
16
13
1
0
8
4
12
1
6
0
0
5
17
12
17
4
8
11
1
10
8
13
15
17
17
1
9
8
1
0
15
17
12
4
6
13
0
12
17
17
17
13
0
7
3
17
15
7
17
10
12
4
0
4
17
7
4
4
4
4
3
17
4
8
10
2
4
17
10
2
4
13
10
6
10
1
7
4
8
17
6
4
0
17
6
8
8
8
2
17
10
17
2
7
6
0
2
1
6
1
17
14
3
16
0
3
13
14
5
17
3
1
0
0
4
8
0
6
4
6
6
0
0
1
1
0
6
0
0
1
17
14
0
3
12
8
6
0
1
4
1
8
0
6
17
10
8
8
7
14
8
8
8
8
5
8
7
4
1
9
9
1
14
4
17
4
9
17
1
11
0
1
7
7
8
7
6
7
1
4
3
4
7
0
6
7
7
2
0
0
8
8
6
0
8
8
2
0
2
1
17
1
11
7
5
6
7
5
1
15
3
11
1
5
6
6
5
