1177
1173
1172
1179
1178
390
395
394
398
793
791
790
918
1440
195
4045
4040
312
37
4454
4969
590
2464
2864
2052
2059
1606
2215
2218
438
433
431
3249
4162
4161
4168
1857
1918
1910
1912
883
888
1268
2637
2636
3138
5958
689
681
4282
0
143
140
141
401
1108
1437
1432
1438
2062
2063
2066
289
1635
1181
9412
402
408
546
549
1399
1398
1397
1396
1392
1390
6653
4931
6871
650
733
738
1749
2685
26
2
1288
11240
854
850
853
975
973
4061
333
452
1024
576
2444
1975
2239
2236
223
2174
3264
2375
665
664
663
3540
763
766
77
74
1247
2652
2650
2656
5144
120
125
127
128
1164
1163
1712
1716
1719
2528
923
4037
1619
1617
1613
368
369
2995
429
421
427
426
7310
634
637
639
735
751
1908
1909
1903
1274
2120
2512
18955
235
233
4416
4415
4414
4412
6
1304
879
1409
1401
1400
1405
3410
1642
354
555
556
551
550
1815
1817
1224
3499
1577
1576
1574
71
2118
2113
2115
3281
4123
4120
1075
1894
1895
1892
3899
3892
3174
102
103
100
101
107
104
105
381
382
385
388
10
13
12
3655
786
780
783
789
844
843
849
848
1476
20
21
22
28
29
187
2028
4055
645
301
449
443
440
447
446
39
33
31
30
35
34
586
588
8363
48
49
46
44
45
43
40
59
58
55
54
51
50
53
2228
2227
1
2144
61
63
64
65
66
67
68
69
1020
1023
1029
776
72
79
78
1256
2643
4170
130
136
135
138
83
81
85
90
93
92
96
697
699
3685
684
686
210
1111
3065
5038
1323
1429
737
299
295
1623
1621
1620
1191
1190
374
413
418
1776
1014
1935
1207
2969
1516
3502
3505
726
725
722
723
728
1756
1754
1753
1751
1283
2696
2694
19
18
169
165
225
1129
5952
1596
860
965
1411
3428
3420
329
2244
3984
563
1471
24
27
7579
2956
2161
717
715
997
993
117
110
112
118
